1 2 F 4 5 F B 8 F 10 11 F 13 B F 16 17 F 19 20
Number in string with file -  3 7 20

1 2 3 F B 6 7 F 9 B 11 F 13 14 B F 17 18 19 FB 21 22 23 F B 26 27 F 29 B 31 F 33 34 B F 37 38 39 FB
Number in string with file -  4 5 40

1 F B F 5 FB 7 F B F 11 FB 13 F B
Number in string with file -  2 3 15

1 2 3 B 5 6 7 B 9 F 11 B 13 14 15 B 17 18 19 FB 21 22 23 B 25 26 27 B 29 F 31 B 33 34 35 B 37 38 39 FB 41 42 43 B 45 46 47 B 49 F 51 B 53 54 55 B 57 58 59 FB 61 62 63 B
 65 66 67 B 69 F 71 B 73 74 75 B 77 78 79 FB 81 82 83 B 85 86 87 B 89 F 91
Number in string with file -  10 4 91

1 2 3 4 5 6 7 8 9 10 11 12 13 14 15 16 17 18 19 20 21 22 23 24 25 F 27 28 29 30 31 32 33 34 35 36 37 38 B 40 41 42 43 44 45 46 47 48 49 50 51 F 53 54 55 56 57 58 59 60
61 62 63 64 65 66 67 68 69 70 71 72 73 74
Number in string with file -  26 39 74

1 2 3 4 5 6 7 8 9 10 11 12 13 14 15 16 17 F 19 20 21 B 23 24 25 26 27 28 29 30 31 32 33 34 35 F 37 38 39 40 41 42 43 B 45 46 47 48 49 50 51 52 53 F 55 56 57 58 59 60 61
 62 63 64 65 B 67 68 69 70 71 F 73 74 75 76 77 78 79 80 81 82 83 84 85 86 87 B 89 F 91 92 93 94 95 96 97 98 99
Number in string with file -  18 22 99

1 2 3 4 5 6 7 8 9 10 11 12 13 14 15 16 17 18 19 20 21 22 23 24 25 26 27 28 29 30 F 32 33 34 35 36 B 38 39 40 41 42 43 44 45 46 47 48 49 50 51 52 53 54 55 56 57 58 59 60
 61 F 63 64 65 66 67 68 69 70 71 72 73 B
Number in string with file -  31 37 74

1 2 3 4 5 6 7 8 9 10 11 12 13 14 15 16 17 18 F 20 21 22 23 24 25 26 27 28 B 30 31 32 33 34 35 36 37 F 39 40 41 42 43 44 45 46 47 48 49 50 51 52 53 54 55 56 F B 59 60 61
 62 63 64 65 66 67 68 69 70 71 72 73 74 75 F 77 78 79 80 81 82
Number in string with file -  19 29 82

1 2 3 4 5 6 7 8 9 10 11 12 13 14 F 16 17 18 19 20 21 22 B 24 25 26 27 28 29 F 31 32 33 34 35 36 37 38 39 40 41 42 43 44 F
Number in string with file -  15 23 45

1 2 3 4 5 6 7 8 9 10 11 12 13 14 15 16 17 18 19 20 21 22 23 24 25 26 27 28 29 30 31 32 33 34 35 36 37 38 39 40 41 42 43 44 45 46 47 48 49 F 51 52 53 B 55 56 57 58 59 60
 61 62 63 64 65 66 67 68
Number in string with file -  50 54 68

1 2 3 4 5 6 7 8 9 10 11 12 13 14 15 16 17 18 19 20 21 22 23 24 25 26 27 28 29 30 31 32 33 34 35 36 37 38 39 40 41 42 43 44 45 46 47 48 49 50 51 F 53 54 55 56 57 58 59 6
0 B 62 63 64 65 66 67 68 69 70 71 72 73 74 75 76
Number in string with file -  52 61 76

1 2 3 4 5 6 7 8 9 10 11 12 13 14 F 16 17 18 19 20 21 22 23 24 25 26 27 28 29 F 31 32 33 34 35 36 37 38 39 40 41 42 43 44 F 46 47 48 49 50 51 B 53 54 55
Number in string with file -  15 52 55

1 2 3 4 5 6 7 8 9 10 F 12 13 14 15 16 17 18 19 20 21 F 23 24 25 26 27 28 29 30 31 32 F 34 35 36 37 38 39 40 41 42 43 F 45 46 47 48 49 50 51 52 53 54 F 56 57 58 59 60 61
 62 63 64 65 FB 67 68 69 70 71 72 73 74 75 76 F 78 79 80 81 82 83
Number in string with file -  11 66 83

1 2 3 4 5 6 7 8 9 10 11 12 13 F 15 16 17 18 19 20 21 22 23 24 25 26 B F 29 30 31 32 33 34 35 36 37 38 39 40 41
Number in string with file -  14 27 41

1 2 3 4 5 6 7 8 9 10 11 12 13 14 15 16 17 18 19 20 21 22 23 24 25 26 27 28 29 30 31 32 33 34 35 36 37 38 39 40 41 42 43 44 45 46 47 48 49 50 51 52 53 54 55 56 57 58 F 6
0 61 62 63 64 65 66 67 68 69 70 71 72 73 74 75 76 77 78 79 B 81 82 83 84 85 86 87 88
Number in string with file -  59 80 88

1 2 3 4 5 6 7 8 9 10 11 12 13 14 15 16 17 18 19 20 21 22 23 24 25 26 F 28 29 30 31 B 33 34 35 36 37 38 39 40 41 42 43 44 45 46 47 48 49 50 51 52 53 F 55 56 57 58 59 60
61 62 63 B 65 66 67 68 69 70 71 72 73 74 75 76 77 78
Number in string with file -  27 32 78
